15.044328	5.5
15.064328	5.5
15.504328	5.5
15.504328	5.5
46.395761	5.5
46.395761	5.5
47.198114	5.5
47.198114	5.5
86.978249	5.26576
87.422303	5.449393
87.882303	5.390759
88.302303	5.268659
88.822303	5.415566
89.245238	5.767048
89.745238	5.765437
90.185238	5.816339
90.625238	5.849522
91.065238	5.573427
91.60862	5.581803
92.00862	5.586636
92.88862	5.214858
93.452908	5.456803
93.852908	5.170399
94.272908	5.010283
94.752908	5.131417
51.087243	5.5
51.087243	5.5
51.087243	5.5
52.067243	5.5
52.107243	5.5
52.107243	5.5
